0
0.0028 0
0.0031 0.0024 0
0.0040 0.0034 0.0037 0
0.0036 0.0028 0.0031 0.0038 0
0.0038 0.0030 0.0032 0.0040 0.0034 0
0.0045 0.0037 0.0041 0.0047 0.0041 0.0043 0
0.0048 0.0041 0.0044 0.0052 0.0044 0.0045 0.0049 0
0.0053 0.0046 0.0049 0.0056 0.0043 0.0050 0.0056 0.0055 0
0.0913 0.0897 0.0891 0.0959 0.0952 0.0906 0.0958 0.0958 0.0962 0
0.0955 0.0938 0.0936 0.1006 0.0998 0.0946 0.1004 0.1005 0.1008 0.0027 0
0.0947 0.0927 0.0925 0.1005 0.0996 0.0936 0.1001 0.1004 0.1006 0.0027 0.0026 0
0.0963 0.0946 0.0944 0.1010 0.1002 0.0953 0.1008 0.1009 0.1012 0.0036 0.0035 0.0033 0
0.0967 0.0949 0.0948 0.1016 0.1007 0.0956 0.1013 0.1015 0.1017 0.0039 0.0038 0.0036 0.0046 0
0.0967 0.0951 0.0949 0.1017 0.1010 0.0958 0.1016 0.1015 0.1020 0.0041 0.0040 0.0037 0.0047 0.0043 0
0.0964 0.0946 0.0947 0.1013 0.1003 0.0955 0.1008 0.1011 0.1013 0.0040 0.0039 0.0036 0.0046 0.0045 0.0047 0
0.0965 0.0948 0.0947 0.1015 0.1009 0.0955 0.1015 0.1014 0.1018 0.0046 0.0044 0.0041 0.0051 0.0051 0.0050 0.0046 0
0.0954 0.0937 0.0935 0.0990 0.0980 0.0954 0.0988 0.0989 0.0990 0.0889 0.0923 0.0924 0.0924 0.0937 0.0938 0.0928 0.0931 0
0.0948 0.0932 0.0929 0.0986 0.0976 0.0949 0.0983 0.0984 0.0985 0.0883 0.0918 0.0918 0.0918 0.0931 0.0932 0.0923 0.0925 0.0027 0
0.0949 0.0932 0.0929 0.0988 0.0978 0.0949 0.0986 0.0987 0.0988 0.0884 0.0920 0.0921 0.0921 0.0933 0.0935 0.0925 0.0928 0.0029 0.0026 0
0.0964 0.0946 0.0944 0.1004 0.0994 0.0962 0.1001 0.1002 0.1003 0.0895 0.0935 0.0935 0.0935 0.0947 0.0949 0.0939 0.0942 0.0048 0.0045 0.0046 0
0.0949 0.0933 0.0930 0.0987 0.0977 0.0949 0.0985 0.0986 0.0987 0.0886 0.0923 0.0923 0.0924 0.0936 0.0937 0.0928 0.0930 0.0041 0.0037 0.0039 0.0049 0
0.0952 0.0935 0.0931 0.0991 0.0982 0.0952 0.0989 0.0989 0.0992 0.0885 0.0925 0.0925 0.0924 0.0937 0.0938 0.0929 0.0931 0.0042 0.0039 0.0041 0.0055 0.0035 0
0.0946 0.0931 0.0926 0.0983 0.0975 0.0943 0.0982 0.0982 0.0984 0.0880 0.0920 0.0919 0.0920 0.0932 0.0933 0.0925 0.0926 0.0063 0.0060 0.0061 0.0075 0.0064 0.0062 0
0.0975 0.0957 0.0955 0.1016 0.1007 0.0964 0.1010 0.1015 0.1017 0.0830 0.0862 0.0860 0.0874 0.0873 0.0878 0.0869 0.0875 0.0885 0.0882 0.0883 0.0898 0.0887 0.0888 0.0882 0
0.0981 0.0963 0.0959 0.1022 0.1015 0.0968 0.1018 0.1020 0.1024 0.0834 0.0866 0.0866 0.0878 0.0879 0.0882 0.0875 0.0879 0.0889 0.0886 0.0887 0.0902 0.0892 0.0893 0.0886 0.0027 0
0.0974 0.0955 0.0953 0.1017 0.1008 0.0962 0.1011 0.1016 0.1017 0.0827 0.0861 0.0860 0.0873 0.0873 0.0877 0.0868 0.0874 0.0884 0.0880 0.0882 0.0896 0.0886 0.0887 0.0880 0.0019 0.0027 0
0.0975 0.0957 0.0954 0.1014 0.1007 0.0964 0.1010 0.1013 0.1016 0.0841 0.0872 0.0873 0.0885 0.0885 0.0889 0.0881 0.0885 0.0883 0.0880 0.0881 0.0895 0.0886 0.0886 0.0879 0.0037 0.0045 0.0037 0
0.0964 0.0946 0.0941 0.1007 0.1001 0.0954 0.1004 0.1005 0.1009 0.0829 0.0861 0.0861 0.0874 0.0874 0.0877 0.0870 0.0874 0.0877 0.0873 0.0875 0.0889 0.0879 0.0879 0.0872 0.0031 0.0039 0.0030 0.0040 0
0.0961 0.0942 0.0935 0.1008 0.1003 0.0947 0.1006 0.1008 0.1012 0.0826 0.0866 0.0868 0.0877 0.0879 0.0881 0.0875 0.0878 0.0877 0.0874 0.0875 0.0889 0.0879 0.0879 0.0871 0.0032 0.0040 0.0032 0.0041 0.0034 0
0.0971 0.0953 0.0950 0.1010 0.1002 0.0959 0.1005 0.1009 0.1011 0.0836 0.0868 0.0867 0.0879 0.0880 0.0884 0.0876 0.0881 0.0879 0.0876 0.0877 0.0892 0.0882 0.0882 0.0875 0.0035 0.0042 0.0034 0.0046 0.0038 0.0039 0
0.0932 0.0918 0.0907 0.0969 0.0964 0.0916 0.0968 0.0968 0.0972 0.0792 0.0823 0.0816 0.0838 0.0836 0.0839 0.0835 0.0836 0.0840 0.0835 0.0834 0.0847 0.0840 0.0838 0.0831 0.0038 0.0045 0.0037 0.0049 0.0041 0.0041 0.0045 0
0.0986 0.0970 0.0968 0.1022 0.1016 0.0976 0.1019 0.1020 0.1024 0.0847 0.0876 0.0877 0.0888 0.0889 0.0892 0.0885 0.0889 0.0892 0.0888 0.0890 0.0904 0.0894 0.0894 0.0887 0.0048 0.0055 0.0047 0.0061 0.0054 0.0054 0.0057 0.0057 0
0.0913 0.0900 0.0889 0.0949 0.0943 0.0902 0.0948 0.0949 0.0953 0.0786 0.0814 0.0805 0.0829 0.0825 0.0830 0.0826 0.0826 0.0829 0.0824 0.0823 0.0835 0.0829 0.0826 0.0822 0.0051 0.0058 0.0050 0.0063 0.0056 0.0052 0.0058 0.0057 0.0065 0
0.0972 0.0955 0.0950 0.1015 0.1009 0.0963 0.1012 0.1013 0.1016 0.0846 0.0882 0.0883 0.0894 0.0895 0.0898 0.0892 0.0895 0.0887 0.0884 0.0885 0.0899 0.0889 0.0889 0.0881 0.0067 0.0074 0.0066 0.0075 0.0067 0.0067 0.0071 0.0068 0.0078 0.0071 0
0.0985 0.0967 0.0963 0.1029 0.1021 0.0973 0.1025 0.1028 0.1031 0.0851 0.0888 0.0889 0.0899 0.0900 0.0903 0.0897 0.0900 0.0899 0.0896 0.0897 0.0912 0.0901 0.0901 0.0894 0.0067 0.0074 0.0066 0.0083 0.0077 0.0077 0.0079 0.0077 0.0083 0.0075 0.0087 0
0.1628 0.1612 0.1614 0.1653 0.1641 0.1618 0.1647 0.1648 0.1648 0.1612 0.1630 0.1627 0.1638 0.1643 0.1647 0.1634 0.1639 0.1576 0.1573 0.1574 0.1548 0.1569 0.1575 0.1566 0.1610 0.1618 0.1608 0.1613 0.1611 0.1610 0.1606 0.1583 0.1622 0.1619 0.1621 0.1627 0
0.1612 0.1591 0.1589 0.1651 0.1639 0.1595 0.1645 0.1646 0.1646 0.1595 0.1627 0.1625 0.1634 0.1639 0.1643 0.1631 0.1635 0.1572 0.1570 0.1571 0.1547 0.1564 0.1571 0.1540 0.1609 0.1617 0.1607 0.1611 0.1607 0.1609 0.1603 0.1560 0.1620 0.1614 0.1617 0.1626 0.0013 0
0.1645 0.1633 0.1639 0.1658 0.1644 0.1640 0.1651 0.1652 0.1652 0.1630 0.1637 0.1634 0.1645 0.1650 0.1655 0.1640 0.1646 0.1582 0.1579 0.1580 0.1552 0.1576 0.1581 0.1594 0.1615 0.1624 0.1613 0.1618 0.1618 0.1616 0.1613 0.1608 0.1628 0.1627 0.1628 0.1632 0.0026 0.0016 0
0.1620 0.1602 0.1603 0.1651 0.1639 0.1608 0.1645 0.1646 0.1646 0.1611 0.1637 0.1634 0.1644 0.1650 0.1654 0.1641 0.1644 0.1573 0.1571 0.1572 0.1546 0.1566 0.1572 0.1555 0.1612 0.1621 0.1610 0.1615 0.1612 0.1612 0.1608 0.1576 0.1623 0.1619 0.1618 0.1627 0.0032 0.0028 0.0040 0
0.1564 0.1555 0.1564 0.1552 0.1557 0.1549 0.1563 0.1566 0.1566 0.1526 0.1527 0.1523 0.1537 0.1544 0.1548 0.1532 0.1540 0.1551 0.1547 0.1548 0.1513 0.1544 0.1551 0.1555 0.1515 0.1212 0.1535 0.1212 0.1389 0.1206 0.1375 0.1202 0.1337 0.1413 0.1207 0.1299 0.0020 0.0016 0.0014 0.0035 0
0.1531 0.1526 0.1517 0.1549 0.1545 0.1529 0.1553 0.1544 0.1552 0.1552 0.1557 0.1552 0.1566 0.1568 0.1572 0.1563 0.1563 0.1567 0.1564 0.1566 0.1539 0.1567 0.1566 0.1519 0.1518 0.1515 0.1513 0.1514 0.1518 0.1504 0.1516 0.1488 0.1534 0.1523 0.1516 0.1516 0.0031 0.0027 0.0038 0.0041 0.0029 0
0.1602 0.1587 0.1593 0.1619 0.1607 0.1597 0.1613 0.1617 0.1616 0.1595 0.1609 0.1607 0.1616 0.1621 0.1625 0.1611 0.1616 0.1520 0.1516 0.1519 0.1515 0.1516 0.1520 0.1533 0.1579 0.1586 0.1576 0.1579 0.1580 0.1578 0.1576 0.1562 0.1587 0.1591 0.1595 0.1598 0.0918 0.0914 0.0919 0.0925 0.0887 0.0868 0
0.1573 0.1550 0.1550 0.1616 0.1606 0.1558 0.1612 0.1614 0.1615 0.1568 0.1608 0.1606 0.1614 0.1617 0.1621 0.1609 0.1611 0.1518 0.1516 0.1518 0.1516 0.1513 0.1517 0.1494 0.1578 0.1585 0.1576 0.1577 0.1556 0.1575 0.1573 0.1521 0.1585 0.1586 0.1590 0.1598 0.0916 0.0914 0.0922 0.0924 0.0892 0.0848 0.0014 0
0.1623 0.1611 0.1617 0.1634 0.1622 0.1620 0.1628 0.1632 0.1632 0.1617 0.1624 0.1622 0.1634 0.1637 0.1641 0.1626 0.1632 0.1535 0.1517 0.1508 0.1503 0.1530 0.1535 0.1555 0.1594 0.1601 0.1590 0.1594 0.1597 0.1594 0.1592 0.1586 0.1604 0.1608 0.1610 0.1612 0.0934 0.0929 0.0932 0.0937 0.0902 0.0893 0.0027 0.0029 0
0.1605 0.1590 0.1596 0.1622 0.1610 0.1599 0.1616 0.1619 0.1619 0.1597 0.1611 0.1609 0.1618 0.1623 0.1627 0.1612 0.1618 0.1521 0.1517 0.1520 0.1517 0.1517 0.1521 0.1534 0.1582 0.1589 0.1579 0.1583 0.1584 0.1582 0.1579 0.1565 0.1591 0.1595 0.1598 0.1601 0.0921 0.0916 0.0923 0.0928 0.0892 0.0872 0.0016 0.0018 0.0031 0
0.1541 0.1520 0.1516 0.1571 0.1562 0.1525 0.1567 0.1569 0.1570 0.1537 0.1567 0.1559 0.1578 0.1579 0.1580 0.1572 0.1573 0.1523 0.1520 0.1522 0.1518 0.1516 0.1521 0.1489 0.1540 0.1546 0.1535 0.1540 0.1533 0.1527 0.1536 0.1494 0.1553 0.1545 0.1546 0.1553 0.0913 0.0899 0.0931 0.0915 0.0907 0.0855 0.0027 0.0027 0.0047 0.0033 0
0.1537 0.1529 0.1527 0.1554 0.1545 0.1531 0.1552 0.1551 0.1553 0.1520 0.1527 0.1521 0.1537 0.1536 0.1538 0.1531 0.1533 0.1476 0.1470 0.1469 0.1473 0.1467 0.1466 0.1491 0.1504 0.1509 0.1500 0.1506 0.1504 0.1496 0.1503 0.1484 0.1515 0.1512 0.1510 0.1513 0.0921 0.0903 0.0942 0.0915 0.0915 0.0878 0.0146 0.0138 0.0170 0.0150 0.0136 0
0.1625 0.1604 0.1597 0.1659 0.1650 0.1586 0.1654 0.1657 0.1658 0.1601 0.1652 0.1650 0.1656 0.1663 0.1662 0.1655 0.1657 0.1584 0.1582 0.1584 0.1587 0.1577 0.1581 0.1534 0.1668 0.1673 0.1666 0.1665 0.1661 0.1659 0.1659 0.1598 0.1669 0.1662 0.1671 0.1674 0.1035 0.1035 0.1043 0.1043 0.1035 0.0957 0.1045 0.1049 0.1067 0.1052 0.1043 0.1079 0
0.1655 0.1645 0.1648 0.1664 0.1654 0.1645 0.1660 0.1662 0.1661 0.1642 0.1661 0.1657 0.1668 0.1672 0.1674 0.1663 0.1669 0.1589 0.1584 0.1586 0.1594 0.1582 0.1585 0.1598 0.1675 0.1682 0.1672 0.1677 0.1677 0.1673 0.1672 0.1664 0.1680 0.1676 0.1687 0.1685 0.1038 0.1032 0.1035 0.1044 0.1026 0.0994 0.1046 0.1052 0.1065 0.1052 0.1065 0.1108 0.0011 0
0.1655 0.1645 0.1648 0.1664 0.1654 0.1645 0.1660 0.1662 0.1661 0.1642 0.1661 0.1657 0.1668 0.1672 0.1674 0.1663 0.1669 0.1589 0.1584 0.1586 0.1594 0.1582 0.1585 0.1598 0.1675 0.1682 0.1672 0.1677 0.1677 0.1673 0.1672 0.1664 0.1680 0.1676 0.1687 0.1685 0.1038 0.1032 0.1035 0.1044 0.1026 0.0994 0.1046 0.1052 0.1065 0.1052 0.1065 0.1108 0.0011 0.0000 0
0.1622 0.1602 0.1596 0.1646 0.1636 0.1590 0.1645 0.1646 0.1647 0.1606 0.1649 0.1645 0.1653 0.1660 0.1661 0.1652 0.1654 0.1575 0.1573 0.1575 0.1577 0.1568 0.1572 0.1539 0.1651 0.1658 0.1648 0.1650 0.1647 0.1643 0.1644 0.1597 0.1657 0.1652 0.1659 0.1662 0.1026 0.1021 0.1035 0.1031 0.1028 0.0958 0.1043 0.1043 0.1066 0.1049 0.1043 0.1079 0.0020 0.0027 0.0027 0
0.1612 0.1592 0.1584 0.1646 0.1637 0.1575 0.1642 0.1645 0.1646 0.1596 0.1646 0.1642 0.1648 0.1657 0.1656 0.1647 0.1649 0.1573 0.1571 0.1573 0.1575 0.1565 0.1570 0.1524 0.1652 0.1659 0.1650 0.1650 0.1646 0.1646 0.1644 0.1584 0.1653 0.1654 0.1659 0.1666 0.1014 0.1014 0.1022 0.1023 0.1010 0.0949 0.1038 0.1042 0.1061 0.1045 0.1033 0.1074 0.0047 0.0052 0.0052 0.0033 0
